[9979994641325359136,
90072129987412032,
180170925814149121,
72066458867205152,
144117387368072224,
216203568472981512,
9547631759814820096,
2341881152152807680,
140740040605696,
2316046545841029184,
72198468973629440,
81205565149155328,
146508277415412736,
703833479054336,
2450098939073003648,
576742228899270912,
36033470048378880,
72198881818984448,
1301692025185255936,
90217678106527746,
324684134750365696,
9265030608319430912,
4616194016369772546,
2199165886724,
72127964931719168,
2323857549994496000,
9323886521876609,
9024793588793472,
562992905192464,
2201179128832,
36038160048718082,
36029097666947201,
4629700967774814240,
306244980821723137,
1161084564161792,
110340390163316992,
5770254227613696,
2341876206435041792,
82199497949581313,
144120019947619460,
324329544062894112,
1152994210081882112,
13545987550281792,
17592739758089,
2306414759556218884,
144678687852232706,
9009398345171200,
2326183975409811457,
72339215047754240,
18155273440989312,
4613959945983951104,
145812974690501120,
281543763820800,
147495088967385216,
2969386217113789440,
19215066297569792,
180144054896435457,
2377928092116066437,
9277424307650174977,
4621827982418248737,
563158798583922,
5066618438763522,
144221860300195844,
281752018887682,
]